3.557842332502116900e+00
3.126540820057501335e+00
3.309504126229580567e+00
3.708632650265802688e+00
3.590573691132019185e+00
2.690957599269010014e+00
3.300444337792589167e+00
2.952136648149473075e+00
2.967359333086499351e+00
3.129842646997826883e+00
3.045550576717294788e+00
3.459881662284373327e+00
3.240661259677769301e+00
3.038477018645588057e+00
3.140361878508104443e+00
3.105517087122734665e+00
3.472469287557129025e+00
2.935123260569454384e+00
3.099000699905089640e+00
2.729911212396122444e+00
2.192673733875049713e+00
3.206692348263175063e+00
3.273358728029435394e+00
2.765306813581021483e+00
3.717759434149995990e+00
2.540089191750067865e+00
3.014470113702485854e+00
2.940807269271906499e+00
3.484707346753625590e+00
3.464652041282807904e+00
3.048998678278187491e+00
3.119585488765100667e+00
2.719257496325347745e+00
2.373617157919511556e+00
2.889980518248481012e+00
3.049441885218809212e+00
3.389052073517884178e+00
3.380225893484764654e+00
2.877516505812693914e+00
2.904403476524838545e+00
2.668418438306508378e+00
2.550950900022060708e+00
2.460429989397550088e+00
3.616889345234785225e+00
2.838833829119089547e+00
2.861468742252130326e+00
2.603831322015174088e+00
3.245864038324352663e+00
2.489640689087357472e+00
2.932725616446162586e+00
2.618161943144289960e+00
2.823682645897721777e+00
2.339802565810030988e+00
1.927984655260725155e+00
2.092421330224432996e+00
2.036783763864996377e+00
1.722367925969229940e+00
1.596983345838456136e+00
1.100743074713483871e+00
9.866245047708893656e-01
7.873493348651562362e-01
8.862993069617711717e-01
7.428605677841817467e-01
4.541015091509175150e-01
1.056107072597887164e+00
8.729457121147047305e-01
4.844860185745827330e-01
1.146344598817146121e+00
7.130870651203533583e-01
1.016426576467470477e+00
1.230558679701360125e+00
1.040787977723162339e+00
1.360310133071180871e+00
6.095137894096522846e-01
1.127231598365121545e+00
7.834440347961542095e-01
7.246297628603795005e-01
8.169516636519504882e-01
9.014784387684688927e-01
1.017761040700880582e+00
6.315472687742018643e-01
1.284866347538315967e+00
1.147255393033910886e+00
5.141970910310786902e-01
1.470626666513637826e+00
1.599532798751651885e+00
1.372762830414099744e+00
9.431027711201109831e-01
6.613982905430454418e-01
1.333446913980027349e+00
8.725042547491793643e-01
1.386571073685328503e+00
1.065862331034448607e+00
1.308840380712078755e+00
